"\(\bar{H}_\text{т}\)"
 4.00962794978168e-001    8.80424143556281e-001
 4.89644979744665e-001    8.80016313213703e-001
 6.29582020487562e-001    8.69575856443719e-001
 8.17404736852668e-001    8.41761827079935e-001
 9.29300223339077e-001    8.20432300163132e-001
 9.99328405920922e-001    8.05342577487765e-001


"\(\bar{H}_\text{т} = 0.05\)"
 4.00433489966944e-001    8.83360522022839e-001
 4.91643362758281e-001    8.87316476345840e-001
 5.91291037480254e-001    8.88499184339315e-001
 7.13086752466334e-001    8.84094616639478e-001
 8.54920885214036e-001    8.75040783034258e-001
 9.64699094315605e-001    8.65538336052202e-001
 9.99499192940306e-001    8.62398042414356e-001


"\(\bar{H}_\text{т} = 0.05\)"
 4.00115281954833e-001    8.86011419249592e-001
 5.11990728131263e-001    8.93189233278956e-001
 6.27350493266857e-001    8.93923327895595e-001
 7.21412311459101e-001    8.90986949429038e-001
 8.49852464327388e-001    8.84869494290375e-001
 9.31789149562640e-001    8.79934747145188e-001
 9.99595524044071e-001    8.75367047308320e-001


"\(\bar{H}_\text{т} = 0.05\)"
 4.00218608531610e-001    8.89029363784666e-001
 4.83835325418510e-001    8.94249592169657e-001
 5.81478653772825e-001    8.96615008156607e-001
 6.86399424306975e-001    8.96818923327896e-001
 7.79089011660077e-001    8.95880913539967e-001
 9.12904640808264e-001    8.93148450244698e-001
 9.99689848249842e-001    8.91190864600326e-001
