

0,67
-1.89965791644828e+001   -2.96894843615405e+001
-1.01630758089557e+001   -2.87432471979406e+001
-4.04027293935581e-001   -2.57511619101787e+001
 9.94240959751861e+000   -2.15316001540947e+001
 1.98797549035007e+001   -1.77892077516893e+001
 2.99556961292808e+001   -1.42288917584153e+001
 4.00099268711673e+001   -1.08504901433973e+001
 5.00448279909990e+001   -8.01787795768349e+000
 5.83908647653942e+001   -6.07049831107613e+000


0,8
-1.44282707502856e+001   -3.48792869980143e+001
-1.04264140087265e+001   -3.39963923329635e+001
-3.31336605916128e-002   -2.99360722062488e+001
 9.96681343136753e+000   -2.52613194273366e+001
 1.99697366006253e+001   -2.10414104622344e+001
 3.00198008342937e+001   -1.70262275078825e+001
 4.00036919892266e+001   -1.33975923534654e+001
 5.00374026781389e+001   -1.03830426422276e+001
 5.39463165256612e+001   -9.29537567189078e+000


1,0
-2.52948664319975e+001   -4.36012469763881e+001
-2.02877503005011e+001   -4.23554957400760e+001
-1.01208006309284e+001   -3.87043035731115e+001
-3.71721974858762e-001   -3.41884915090861e+001
 9.85366297247294e+000   -2.89681576262807e+001
 1.99447673120897e+001   -2.42252708643686e+001
 3.00150539910023e+001   -1.98007516248555e+001
 4.00857870815098e+001   -1.54444589574140e+001
 5.00699758441726e+001   -1.18613081843779e+001
 6.00120828738325e+001   -8.84666588406856e+000


1,25
-2.55654811407635e+001   -5.12422989866457e+001
-2.01297949978754e+001   -4.89963311580413e+001
-1.00162361550404e+001   -4.41852409713255e+001
-4.38028977072626e-002   -3.88054571337399e+001
 1.00162163145251e+001   -3.28117267365824e+001
 2.00114016828064e+001   -2.74092238555743e+001
 2.99845789594642e+001   -2.21431509714412e+001
 4.00078733778312e+001   -1.75366479118684e+001
 4.51922446732350e+001   -1.53813942260794e+001


1,67
-2.70192056188339e+001   -6.00647412548795e+001
-1.99980142950913e+001   -5.51368152335477e+001
-1.00258786454880e+001   -4.97115470145811e+001
-3.41157661001645e-002   -4.37859737476915e+001
 1.00000264540204e+001   -3.73373763894561e+001
 1.99685908108653e+001   -3.13662955939176e+001
 3.00292052385574e+001   -2.54635339595220e+001
 4.00484819525713e+001   -2.02429917513058e+001
 4.28096715898701e+001   -1.87448079851461e+001


2,0
-2.14543428407980e+000   -5.01061269164698e+001
-4.97104111450781e-002   -4.84025921633271e+001
 1.00025710001108e+001   -4.12262678502636e+001
 2.00572332732055e+001   -3.44138185882481e+001
 3.00458712714298e+001   -2.80106593168580e+001
 4.00597910463061e+001   -2.19713982437837e+001
 4.23643016221275e+001   -2.06774312484810e+001

2,5
-2.77848461450705e+001   -7.25493474950523e+001
-2.00373729173659e+001   -6.66215057959105e+001
-1.00337206091700e+001   -5.90130335651918e+001
-5.25228041923000e-002   -5.14727647592767e+001
 9.95187352332831e+000   -4.39780034820104e+001
 1.99579066933632e+001   -3.67334063023397e+001
 2.99670647445616e+001   -2.99663951271694e+001
 4.00458183633890e+001   -2.33359065379458e+001
 5.00624166078340e+001   -1.77060048973005e+001
 5.99480079295926e+001   -1.30538785727395e+001
