    8.3576  111.6371
    8.3128  116.5064
    8.2680  121.3344
    8.2232  126.1218
    8.1784  130.8695
    8.1336  135.5782
    8.0888  140.2486
    8.0440  144.8815
    7.9992  149.4778
    7.9544  154.0380
    7.9096  158.5631
    7.8648  163.0537
    7.8200  167.5106
    7.7752  171.9347
    7.7304  176.3266
    7.6856  180.6871
    7.6408  185.0170
    7.5960  189.3170
    7.5512  193.5880
    7.5064  197.8306
    7.4616  202.0457
    7.4168  206.2333
    7.3720  210.3918
    7.3272  214.5191
    7.2824  218.6134
    7.2376  222.6726
    7.1928  226.6947
    7.1480  230.6779
    7.1032  234.6201
    7.0584  238.5193
    7.0136  242.3736
    6.9688  246.1811
    6.9240  249.9396
    6.8792  253.6476
    6.8344  257.3041
    6.7896  260.9083
    6.7448  264.4596
    6.7000  267.9571
    6.6552  271.4001
    6.6104  274.7876
    6.5656  278.1186
    6.5208  281.3918
    6.4760  284.6062
    6.4312  287.7606
    6.3864  290.8542
    6.3416  293.8884
    6.2968  296.8659
    6.2520  299.7895
    6.2072  302.6621
    6.1624  305.4864
    6.1176  308.2648
    6.0728  310.9914
    6.0280  313.6520
    5.9832  316.2317
    5.9384  318.7160
    5.8936  321.0900
    5.8488  323.3392
    5.8040  325.4488
    5.7592  327.4041
    5.7144  329.1920
    5.6696  330.8129
    5.6248  332.2746
    5.5800  333.5849
    5.5352  334.7517
    5.4904  335.7826
    5.4456  336.6856
    5.4008  337.4684
    5.3561  338.1389
    5.3113  338.7049
    5.2665  339.1741
    5.2217  339.5546
    5.1769  339.8547
    5.1321  340.0826
    5.0873  340.2467
    5.0425  340.3553
    4.9977  340.4167
    4.9529  340.4391
    4.9081  340.4309
    4.8633  340.4004
    4.8185  340.3558
    4.7737  340.3014
    4.7289  340.2361
    4.6841  340.1586
    4.6393  340.0673
    4.5945  339.9609
    4.5497  339.8380
    4.5049  339.6970
    4.4601  339.5366
    4.4153  339.3552
    4.3705  339.1510
    4.3257  338.9213
    4.2809  338.6632
    4.2361  338.3742
    4.1913  338.0514
    4.1465  337.6921
    4.1017  337.2937
    4.0569  336.8533
    4.0121  336.3684
    3.9673  335.8360
    3.9225  335.2536