

 3.65002334898327e-001    1.22147263691747e-002
 4.62219336908627e-001    1.28790566560843e-002
 5.70222532188594e-001    1.35346037089631e-002
 6.33718911162098e-001    1.43007422567984e-002
 7.07880960842348e-001    1.52068945972960e-002
 7.41881804599050e-001    1.64927144094255e-002
 7.71417667633272e-001    1.77078206282328e-002
 8.11165916706432e-001    2.08972626629758e-002
 8.44349488437521e-001    2.96930416628053e-002
 8.59752640690175e-001    4.16259758988892e-002
 8.68176084748332e-001    5.19784722977797e-002
 8.76447204878975e-001    6.64450952128796e-002


 7.98021813563348e-001    4.74755000279003e-002
 7.72126630663527e-001    3.22053845811556e-002
 7.55320416031641e-001    2.39167155401406e-002
 7.41224345952758e-001    2.02107218992065e-002
 6.99360960467052e-001    1.67008213102941e-002
 6.44907576049622e-001    1.56051381041196e-002
 5.73473645606712e-001    1.47215473942661e-002
 4.81463195270090e-001    1.40281942470805e-002
 4.34468152628773e-001    1.37690647013467e-002
 3.64655746113180e-001    1.33054670858346e-002
