

 4.27588962732397e-001    5.18768878987798e-001
 4.65777740388660e-001    5.03476152652572e-001
 5.17893497097670e-001    4.79199382637465e-001
 5.62883822663414e-001    4.57196502938571e-001
 5.91974425843358e-001    4.42564674670594e-001
 6.16236224446875e-001    4.29913187248978e-001
 6.43236308572390e-001    4.16124841030921e-001
 6.72297467821990e-001    4.01126379733631e-001
 6.85400016825103e-001    3.94488893542823e-001


 4.58475645663330e-001    4.78948961566514e-001
 4.69899890636830e-001    4.76637957324537e-001
 4.83355766804072e-001    4.74070094983181e-001
 4.97341633717507e-001    4.69962305446252e-001
 5.13094136451586e-001    4.64387786393982e-001
 5.32762681921427e-001    4.56796358498686e-001
 5.51871792714730e-001    4.48141744476343e-001
 5.65680996046101e-001    4.41540847872615e-001
 5.91120551863380e-001    4.29659172915871e-001
 6.12644064944898e-001    4.18694498461182e-001
 6.47122907377808e-001    4.02008943521553e-001
 6.78039034239085e-001    3.85910379569544e-001
 6.88108858416758e-001    3.80739755520920e-001
