

 4.27596491123065e-001    9.00379043786238e-001
 4.37934962918134e-001    9.08648420544452e-001
 4.50599399874334e-001    9.16679296420392e-001
 4.64175391953778e-001    9.21977934202572e-001
 4.80930218924096e-001    9.24764257280702e-001
 4.97979298922484e-001    9.27128817441018e-001
 5.14320995732005e-001    9.27843098351217e-001
 5.26304035312754e-001    9.26393859564090e-001
 5.38433905807439e-001    9.24064444385346e-001
 5.54626374507688e-001    9.20231194835583e-001
 5.61750947030992e-001    9.18287115695188e-001
 5.70259084599029e-001    9.15664500696297e-001
 5.80739528128295e-001    9.12051592579961e-001
 5.94517327341312e-001    9.07613353556571e-001
 6.09619666062977e-001    9.02184855352863e-001
 6.22660565269767e-001    8.95931306994707e-001
 6.37790647208187e-001    8.86652069279377e-001
 6.47945636376381e-001    8.79481829722125e-001
 6.65281834507260e-001    8.65269864342191e-001
 6.85588800152211e-001    8.44108077968269e-001


 4.58983922609402e-001    9.00835820564900e-001
 4.70204035877345e-001    9.05309423618600e-001
 4.83455982757841e-001    9.10241341419913e-001
 5.00977542398426e-001    9.15723140968846e-001
 5.17467438790841e-001    9.18656172710118e-001
 5.28420839781645e-001    9.19242377983220e-001
 5.40109561545260e-001    9.18068207334134e-001
 5.51208189920685e-001    9.14143540416251e-001
 5.69578472790969e-001    9.07963060237971e-001
 5.91097401548237e-001    8.97583276930854e-001
 6.11820040324713e-001    8.84251302830930e-001
 6.33016559806877e-001    8.77208842732200e-001
 6.50384485681895e-001    8.68167866796648e-001
 6.69781491634282e-001    8.53350677468382e-001
 6.88029001929418e-001    8.35856368570542e-001

