

 1.00701976439902e+000    4.70215709705782e-001
 1.08126439760014e+000    4.44743050789972e-001
 1.18083101025949e+000    4.17185715872171e-001
 1.28967046046693e+000    3.91368890837835e-001
 1.39565886550470e+000    3.72263969528105e-001
 1.50826340382759e+000    3.54462310835981e-001
 1.64752681619764e+000    3.34724551623810e-001
 1.74699519059646e+000    3.19083881553449e-001
 1.86401404380003e+000    3.03973729728669e-001
 1.95973868622700e+000    2.91253884049745e-001


 1.05188688647359e+000    5.30083086472133e-001
 1.14333602895324e+000    4.96866784805689e-001
 1.23963728725722e+000    4.68307577824160e-001
 1.35863799058621e+000    4.36946254970840e-001
 1.52345829999402e+000    4.02086384493478e-001
 1.65336985708469e+000    3.75700505238899e-001
 1.85197131442793e+000    3.41612999468786e-001
 2.01779109135589e+000    3.20779717548391e-001


 1.85197131442793e+000    3.41612999468786e-001
 2.01489092705596e+000    3.11227731474495e-001
 2.24343369771660e+000    2.76065900946093e-001
 2.39800092258540e+000    2.53059101466360e-001
 2.57195098337923e+000    2.26668602957019e-001


 2.08016170871929e+000    3.03785099612963e-001
 2.50499306637205e+000    3.03501300193661e-001
 2.99634026885961e+000    3.02232017573417e-001
 3.48956467636900e+000    3.02236320440867e-001
 3.97133151284074e+000    3.01748261372621e-001


 2.20531084578871e+000    2.83117731199238e-001
 2.50691298368106e+000    2.82202422704207e-001
 3.00081438094235e+000    2.82210965161644e-001
 3.48679692015935e+000    2.80487476915591e-001
 3.97937850774659e+000    2.80207347589113e-001


 2.32602217621951e+000    2.65507043888932e-001
 2.50743834481345e+000    2.66783350307513e-001
 2.99536642871177e+000    2.65773062341272e-001
 3.49003024029933e+000    2.65085362878846e-001
 3.98068336812012e+000    2.63951936970585e-001


 2.43590167061993e+000    2.47828523138828e-001
 2.99828154231222e+000    2.47424686373167e-001
 3.49636447248902e+000    2.46477992256737e-001
 3.98569779063576e+000    2.45055894564561e-001
