

 5.53113941751790e-002    1.29350256325588e+000
 8.12518248620030e-002    1.33667828922546e+000
 1.09674275637130e-001    1.33535999437098e+000
 1.37122208549801e-001    1.29947872661060e+000
 1.84005337323144e-001    1.23969297510542e+000
 2.31984526001271e-001    1.18856023789829e+000
 3.01623441560924e-001    1.12391972324704e+000
 3.72398931039469e-001    1.05929557002456e+000
 4.45455671158620e-001    9.92976809085777e-001
 4.86534388295176e-001    9.59019209044556e-001
 5.76680251211819e-001    8.84309216668116e-001
 6.73564529613597e-001    8.26970698602883e-001
 7.86360842879866e-001    7.69861240540497e-001


 2.61998242592099e-002    1.19941746388089e+000
 5.32426170307895e-002    1.24990272481330e+000
 8.16245537918070e-002    1.25722108282810e+000
 1.11094447654786e-001    1.27491978571480e+000
 1.56962544551565e-001    1.18920771417301e+000
 2.75360699384076e-001    1.14945336899305e+000
 3.81532036404716e-001    1.05078980858548e+000
 5.19381592703544e-001    9.83676318513007e-001
 6.37666308296550e-001    9.68104601367033e-001
 7.40233456292789e-001    9.10847890445673e-001
 8.06219566011111e-001    8.97978208723768e-001
 8.72197572926610e-001    8.86835857575719e-001
