

 6.83886679814415e-002    1.21933391975149e+000
 9.90482680026246e-002    1.24252177850720e+000
 1.09270924502317e-001    1.24967129487374e+000
 1.45712071753149e-001    1.25557287803635e+000
 1.58247347144701e-001    1.25580788416564e+000
 1.86778456787700e-001    1.24764544072447e+000
 2.43890892941065e-001    1.22088469590554e+000
 3.13647407698608e-001    1.17174793168666e+000
 4.06245549126339e-001    1.11260259340264e+000
 5.38937894656367e-001    1.01072226049124e+000
 6.28209388870513e-001    9.32380423409440e-001
 7.12838906345151e-001    8.71346226114318e-001
 8.04314216238530e-001    8.08700904324534e-001


 2.53263827185063e-002    9.31514622946211e-001
 5.09841184507245e-002    1.04680043670076e+000
 7.22509617802653e-002    1.12721460055908e+000
 1.17448785402769e-001    1.20807741248243e+000
 1.65478135546582e-001    1.17418851549053e+000
 2.79225947613333e-001    1.21980767625019e+000
 3.84719251982073e-001    1.08610702888331e+000
 5.23117819440702e-001    9.82594207283678e-001
 6.41808909451157e-001    9.48290580637179e-001
 7.41244473819735e-001    8.89273427514595e-001
 8.08646522295946e-001    8.55747721813434e-001
