

 2.10306040257590e-002    1.30021769698736e+000
 5.34831760834457e-002    1.33429164693454e+000
 8.95960074314233e-002    1.33274853375105e+000
 1.21051854010580e-001    1.28150865177953e+000
 1.51150534892475e-001    1.21875312374777e+000
 2.19023795935384e-001    1.10980714728061e+000
 2.83643583111726e-001    1.02804793996576e+000
 3.80382216393655e-001    9.25726640195257e-001
 4.68016546654848e-001    8.57815890131507e-001
 5.39830162026075e-001    8.24821245127682e-001
 6.24518839629400e-001    8.06911952205748e-001
 6.92595898145787e-001    7.93623037412116e-001
 7.82232786500391e-001    7.73464646096681e-001


 2.00628190027483e-002    1.24576678445230e+000
 4.61729789240627e-002    1.28226709409493e+000
 7.12139610376469e-002    1.29632822119413e+000
 1.15611250753869e-001    1.31921591198863e+000
 1.64886322700246e-001    1.24209019707843e+000
 2.75711064968287e-001    1.17250256821245e+000
 3.86568592927196e-001    1.09256384102583e+000
 5.17944499087263e-001    1.01456274816947e+000
 6.42315195965336e-001    9.88246329824050e-001
 7.41584803629902e-001    9.66845797967287e-001
 8.00892296981693e-001    9.62283996940002e-001
 8.78481455846579e-001    9.45834760118028e-001
