    0.4114    0.0113
    0.4072    0.0127
    0.4031    0.0141
    0.3989    0.0154
    0.3948    0.0168
    0.3906    0.0181
    0.3865    0.0194
    0.3823    0.0207
    0.3782    0.0220
    0.3740    0.0232
    0.3699    0.0245
    0.3657    0.0257
    0.3615    0.0270
    0.3574    0.0282
    0.3532    0.0294
    0.3491    0.0306
    0.3449    0.0318
    0.3408    0.0329
    0.3366    0.0341
    0.3325    0.0353
    0.3283    0.0364
    0.3242    0.0375
    0.3200    0.0386
    0.3158    0.0397
    0.3117    0.0408
    0.3075    0.0418
    0.3034    0.0429
    0.2992    0.0439
    0.2951    0.0448
    0.2909    0.0458
    0.2868    0.0467
    0.2826    0.0477
    0.2785    0.0486
    0.2743    0.0495
    0.2702    0.0504
    0.2660    0.0514
    0.2618    0.0523
    0.2577    0.0531
    0.2535    0.0540
    0.2494    0.0548
    0.2452    0.0556
    0.2411    0.0563
    0.2369    0.0570
    0.2328    0.0577
    0.2286    0.0583
    0.2245    0.0590
    0.2203    0.0596
    0.2162    0.0601
    0.2120    0.0607
    0.2078    0.0611
    0.2037    0.0616
    0.1995    0.0620
    0.1954    0.0623
    0.1912    0.0626
    0.1871    0.0628
    0.1829    0.0630
    0.1788    0.0632
    0.1746    0.0633
    0.1705    0.0634
    0.1663    0.0634
    0.1622    0.0633
    0.1580    0.0630
    0.1538    0.0627
    0.1497    0.0623