    0.5339    0.0433
    0.5310    0.0452
    0.5281    0.0471
    0.5253    0.0489
    0.5224    0.0507
    0.5196    0.0526
    0.5167    0.0544
    0.5138    0.0562
    0.5110    0.0580
    0.5081    0.0597
    0.5052    0.0615
    0.5024    0.0632
    0.4995    0.0650
    0.4967    0.0667
    0.4938    0.0684
    0.4909    0.0701
    0.4881    0.0717
    0.4852    0.0734
    0.4823    0.0751
    0.4795    0.0767
    0.4766    0.0783
    0.4738    0.0800
    0.4709    0.0816
    0.4680    0.0832
    0.4652    0.0848
    0.4623    0.0863
    0.4595    0.0879
    0.4566    0.0895
    0.4537    0.0910
    0.4509    0.0925
    0.4480    0.0940
    0.4451    0.0955
    0.4423    0.0969
    0.4394    0.0984
    0.4366    0.0998
    0.4337    0.1012
    0.4308    0.1026
    0.4280    0.1039
    0.4251    0.1052
    0.4223    0.1066
    0.4194    0.1078
    0.4165    0.1091
    0.4137    0.1104
    0.4108    0.1116
    0.4079    0.1128
    0.4051    0.1140
    0.4022    0.1151
    0.3994    0.1163
    0.3965    0.1174
    0.3936    0.1185
    0.3908    0.1195
    0.3879    0.1206
    0.3851    0.1216
    0.3822    0.1226
    0.3793    0.1236
    0.3765    0.1245
    0.3736    0.1254
    0.3707    0.1262
    0.3679    0.1270
    0.3650    0.1277
    0.3622    0.1283
    0.3593    0.1288
    0.3564    0.1294
    0.3536    0.1298
    0.3507    0.1302
    0.3479    0.1306
    0.3450    0.1309
    0.3421    0.1311
    0.3393    0.1313
    0.3364    0.1315
    0.3335    0.1317
    0.3307    0.1318
    0.3278    0.1319
    0.3250    0.1319
    0.3221    0.1320
    0.3192    0.1320
    0.3164    0.1320
    0.3135    0.1320
    0.3107    0.1320
    0.3078    0.1320
    0.3049    0.1320
    0.3021    0.1319
    0.2992    0.1319
    0.2963    0.1319
    0.2935    0.1318
    0.2906    0.1318
    0.2878    0.1317
    0.2849    0.1317
    0.2820    0.1316
    0.2792    0.1315
    0.2763    0.1314
    0.2735    0.1313
    0.2706    0.1312
    0.2677    0.1311
    0.2649    0.1309
    0.2620    0.1308
    0.2591    0.1306
    0.2563    0.1304
    0.2534    0.1302
    0.2506    0.1300