    0.0423    0.0016
    0.0465    0.0019
    0.0508    0.0023
    0.0550    0.0027
    0.0592    0.0032
    0.0635    0.0036
    0.0677    0.0041
    0.0719    0.0046
    0.0761    0.0052
    0.0804    0.0058
    0.0846    0.0064
    0.0888    0.0071
    0.0931    0.0078
    0.0973    0.0085
    0.1015    0.0093
    0.1058    0.0100
    0.1100    0.0109
    0.1142    0.0117
    0.1184    0.0126
    0.1227    0.0135
    0.1269    0.0145
    0.1311    0.0154
    0.1354    0.0165
    0.1396    0.0175
    0.1438    0.0186
    0.1481    0.0197
    0.1523    0.0208
    0.1565    0.0220
    0.1608    0.0232
    0.1650    0.0244
    0.1692    0.0257
    0.1734    0.0270
    0.1777    0.0284
    0.1819    0.0297
    0.1861    0.0311
    0.1904    0.0326
    0.1946    0.0340
    0.1988    0.0355
    0.2031    0.0370
    0.2073    0.0386
    0.2115    0.0402
    0.2157    0.0418
    0.2200    0.0435
    0.2242    0.0452
    0.2284    0.0469
    0.2327    0.0486
    0.2369    0.0504
    0.2411    0.0522
    0.2454    0.0541
    0.2496    0.0560
    0.2538    0.0579
    0.2580    0.0598
    0.2623    0.0618
    0.2665    0.0638
    0.2707    0.0658
    0.2750    0.0679
    0.2792    0.0700
    0.2834    0.0722
    0.2877    0.0743
    0.2919    0.0765
    0.2961    0.0788
    0.3003    0.0810
    0.3046    0.0833
    0.3088    0.0857
    0.3130    0.0880
    0.3173    0.0904
    0.3215    0.0928
    0.3257    0.0953
    0.3300    0.0978
    0.3342    0.1003
    0.3384    0.1029
    0.3427    0.1055
    0.3469    0.1081
    0.3511    0.1107
    0.3553    0.1134
    0.3596    0.1161
    0.3638    0.1189
    0.3680    0.1217
    0.3723    0.1245
    0.3765    0.1273
    0.3807    0.1302
    0.3850    0.1331
    0.3892    0.1361
    0.3934    0.1390
    0.3976    0.1420
    0.4019    0.1451
    0.4061    0.1481
    0.4103    0.1512
    0.4146    0.1544
    0.4188    0.1575
    0.4230    0.1607