

-9.37118529626313e+000    3.16598972278593e+001
 4.15298921766808e+000    2.51192713900490e+001
 1.81105707965858e+001    1.98462774409539e+001
 3.49475670976802e+001    1.44431617947552e+001
 5.01599040477329e+001    1.03224059828254e+001
 6.99289630043101e+001    4.85854315127799e+000


-9.68237426407788e+000    3.95175804042597e+001
 3.10845589043661e+000    3.22229784124542e+001
 1.69968519016379e+001    2.49164658654893e+001
 3.06082671327336e+001    1.94619738383687e+001
 5.02477320939002e+001    1.24427810743813e+001
 6.99865212465894e+001    6.21418867616266e+000



-1.00443090540120e+001    5.14167821511014e+001
-3.13057538639802e-001    4.37487454972996e+001
 1.05549826778938e+001    3.63554901212082e+001
 2.62546208370169e+001    2.76443947980837e+001
 4.01376414462276e+001    2.10244963150695e+001
 5.15206648504685e+001    1.56547607823133e+001
 6.35887166048866e+001    1.02221780648866e+001
 6.99777083301812e+001    7.70039564956165e+000
