

 7.71815478224523e-001    1.07409443069531e+000
 8.58023706384470e-001    1.05678680951829e+000
 9.21268033719008e-001    1.03776815313073e+000
 9.95437916789896e-001    1.00914769867210e+000
 1.04967773296435e+000    9.80438199146477e-001
 1.09938296334981e+000    9.48491568954293e-001
 1.14150360891285e+000    9.12489963403239e-001
 1.16666336109053e+000    8.81237884733672e-001


 6.43129396790450e-001    9.54495261356405e-001
 7.40819575363102e-001    9.38043157784662e-001
 8.32571406913581e-001    9.11913910315939e-001
 9.17610267855172e-001    8.76506166865585e-001
 9.86624510042837e-001    8.37407847869015e-001
 1.03734684058208e+000    7.93000387992950e-001
 1.07664379857427e+000    7.44922901432286e-001


 5.31107757164817e-001    7.68622588495956e-001
 5.77067889024579e-001    7.70436368014586e-001
 6.62291347239687e-001    7.63981285618978e-001
 7.59182654568918e-001    7.49134048139438e-001
 8.42381296456600e-001    7.28998218642019e-001
 9.12572988414856e-001    7.07597949193168e-001
 1.00294530638885e+000    6.73822470317169e-001
 1.07101519139286e+000    6.43566326473920e-001
 1.09346311030309e+000    6.32809682380051e-001


 6.75384876372721e-001    1.06602352281464e+000
 7.77617723286594e-001    1.05240647718384e+000
 8.49979717512516e-001    1.03744964577568e+000
 9.20897537744073e-001    1.01806316476519e+000
 1.00280557412987e+000    9.85858303878697e-001
 1.07408710921202e+000    9.48378550215405e-001
 1.13326563878724e+000    9.02802545075450e-001
 1.17006090987011e+000    8.64766602224422e-001


 5.37621540808441e-001    9.40352164868235e-001
 6.18221505159971e-001    9.35082751787865e-001
 7.05180109249925e-001    9.18582700872353e-001
 7.87636457759836e-001    8.97237228387811e-001
 8.66397504485360e-001    8.69039395516421e-001
 9.29077354591308e-001    8.39965496178140e-001
 9.98914715679101e-001    7.98056092912515e-001
 1.04326224137545e+000    7.65683416322828e-001
 1.08301052086493e+000    7.33290190871526e-001


 4.37791814764342e-001    7.58152943502656e-001
 5.20618659249187e-001    7.56512459383653e-001
 6.01210541048482e-001    7.51645119028900e-001
 6.81140954992361e-001    7.41547408430848e-001
 7.75764969427099e-001    7.25081605618028e-001
 8.99050056570255e-001    6.93865829937317e-001
 9.81619560811464e-001    6.66891339294127e-001
 1.06197026747159e+000    6.35885846963951e-001
 1.11533038688027e+000    6.12801940786705e-001
